*000000000000000000 0, 0
0000000000000000000
0000000000000000000
0000000000000000000
-000111110000000000 4, 4
0-00100010000000000
00-0101010000000000
000-100010000000000
0000111110000000000 8, 8
00000-0000000000000
000000-000000000000
0000000-00000000000
00000000-000*000000 12, 12
0000000000000000000
0000000000000000000
0000000000000000000
0000000000000000000
0000000000000000000
0000000000000000000

0000000000000000000 0, 0
0000000000*000-000* 1, 10
0000000000000000000
0000000000000000000
0000000000000000000
0000000000000011111 5, 5, 14, 18 
0000000000000000000
0000000000000000000
0000000000000000000
0000000000*0000000* 9, 
0000000000000000000
0000000000000000000
0000000000000000000
0000000000000000000
0000000000000000000
0000000000000000000
0000000000000000000
0000000000000000000